#FLG 000
#VER 14
#CART
P001
bonbon2
bonbon2


0
1
0,0000
0,0000
1
0,00
0,0000
0,00
0
0
0
0
2





0
0
0
0
0
0
0















0
0
0
0
160825
160825
0
0,00

0,00
0,0000
0,00
0,00
0,00
0,00

0




0
#CART
P002
bonbon2
bonbon2


0
1
0,0000
0,0000
1
0,00
0,0000
0,00
0
0
0
0
2





0
0
0
0
0
0
0















0
0
0
0
160825
160825
0
0,00

0,00
0,0000
0,00
0,00
0,00
0,00

0




0
#CART
P003
bonbon2
bonbon2


0
1
0,0000
0,0000
1
0,00
0,0000
0,00
0
0
0
0
2





0
0
0
0
0
0
0















0
0
0
0
160825
160825
0
0,00

0,00
0,0000
0,00
0,00
0,00
0,00

0




0
#FIN
