#FLG 000
#VER 14
#CHEN
2
3
1
2
12
130825


23
2


3
23,000000
23
1
1
0







1
11
11
1
1


0,0000
0,0000
2
0
2
23




0


0
0,00
0
0
0,00
0
0,0000
0
0
0,0000
0
0
0,0000
0
0



0
0
#CHLI

P001








0
120,75
5,2500
10,00
10,00

0,0000
0,0000

0
120,75
0,00
0,00
0



2

1

0
0,0000
0
0
0,0000
0
0
0,0000
0
0
23


0
0


0
0

#CHLI

P002








0
91,77
3,9900
8,00
8,00

0,0000
0,0000

0
91,77
0,00
0,00
0



2

1

0
0,0000
0
0
0,0000
0
0
0,0000
0
0
23


0
0


0
0

#CHLI

P003








0
241,50
10,5000
15,00
15,00

0,0000
0,0000

0
241,50
0,00
0,00
0



2

1

0
0,0000
0
0
0,0000
0
0
0,0000
0
0
23


0
0


0
0

#FIN