#FLG 000
#VER 14
#CHEN
2
3
1
2
12341035
200825


code
depot


3
1,000000
code
1
1
0







1
11
11
1
1


0,0000
0,0000
2
0
2
13201




0


0
0,00
0
0
0,00
0
0,0000
0
0
0,0000
0
0
0,0000
0
0



0
0
#CHLI

P001








0
5,25
5,2500
10,00
10,00

0,0000
0,0000

0
5,25
0,00
0,00
0



depot

1

0
0,0000
0
0
0,0000
0
0
0,0000
0
0
code


0
0


0
0

#CHLI

P002








0
3,99
3,9900
8,00
8,00

0,0000
0,0000

0
3,99
0,00
0,00
0



depot

1

0
0,0000
0
0
0,0000
0
0
0,0000
0
0
code


0
0


0
0

#CHLI

P003








0
10,50
10,5000
15,00
15,00

0,0000
0,0000

0
10,50
0,00
0,00
0



depot

1

0
0,0000
0
0
0,0000
0
0
0,0000
0
0
code


0
0


0
0

#FIN