#FLG 000
#VER 14
#CHEN
2
3
1
2
1
160726


c1
d1


3
1,000000
c1
1
1
0







1
11
11
1
1


0,0000
0,0000
2
0
2
1




0


0
0,00
0
0
0,00
0
0,0000
0
0
0,0000
0
0
0,0000
0
0



0
0
#CHLI

P001
jkhk







0
5,25
5,2500
10,00
10,00

0,0000
0,0000

0
5,25
0,00
0,00
0



d1

1

0
0,0000
0
0
0,0000
0
0
0,0000
0
0
c1


0
0


0
0

#CHLI

P002
de







0
3,99
3,9900
8,00
8,00

0,0000
0,0000

0
3,99
0,00
0,00
0



d1

1

0
0,0000
0
0
0,0000
0
0
0,0000
0
0
c1


0
0


0
0

#CHLI

P003
fqsdf







0
10,50
10,5000
15,00
15,00

0,0000
0,0000

0
10,50
0,00
0,00
0



d1

1

0
0,0000
0
0
0,0000
0
0
0,0000
0
0
c1


0
0


0
0

#FIN